1 0 FSP940101-059 0
1 0 FSP940102-093 0
1 0 FSP940105-048 1
1 0 FSP940106-084 0
1 0 FSP940114-050 0
1 0 FSP940115-072 0
1 0 FSP940119-062 0
1 0 FSP940123-199 0
1 0 FSP940203-094 0
1 0 FSP940206-073 0
1 0 FSP940209-009 1
1 0 FSP940209-027 1
1 0 FSP940210-022 0
1 0 FSP940213-092 0
1 0 FSP940216-065 0
1 0 FSP940220-097 0
1 0 FSP940227-121 0
1 0 FSP940304-070 0
1 0 FSP940306-045 0
1 0 FSP940313-089 0
1 0 FSP940316-076 0
1 0 FSP940320-097 0
1 0 FSP940320-203 0
1 0 FSP940323-073 0
1 0 FSP940329-039 0
1 0 FSP940329-060 0
1 0 FSP940401-055 0
1 0 FSP940406-063 0
1 0 FSP940416-065 0
1 0 FSP940417-059 0
1 0 FSP940419-040 0
1 0 FSP940423-049 0
1 0 FSP940429-037 0
1 0 FSP940511-027 1
1 0 FSP940511-042 0
1 0 FSP940517-044 0
1 0 FSP940521-040 0
1 0 FSP940522-058 0
1 0 FSP940522-069 0
1 0 FSP940605-135 0
1 0 FSP940606-036 0
1 0 FSP940611-038 0
1 0 FSP940615-044 0
1 0 FSP940616-034 0
1 0 FSP940617-057 0
1 0 FSP940619-065 0
1 0 FSP940624-055 0
1 0 FSP940629-042 0
1 0 FSP940630-050 0
1 0 FSP940710-063 0
1 0 FSP940717-073 0
1 0 FSP940717-077 0
1 0 FSP940730-054 0
1 0 FSP940813-036 0
1 0 FSP940813-043 0
1 0 FSP940821-058 0
1 0 FSP940821-141 0
1 0 FSP940916-043 0
1 0 FSP940921-003 0
1 0 FSP941013-017 0
1 0 FSP941021-058 0
1 0 FSP941021-062 0
1 0 FSP941022-054 0
1 0 FSP941023-060 0
1 0 FSP941023-079 0
1 0 FSP941123-073 1
1 0 FSP941124-067 1
1 0 FSP941125-001 1
1 0 FSP941125-070 1
1 0 FSP941205-045 0
1 0 FSP941210-048 0
1 0 FSP941215-068 0
1 0 FSP941225-039 0
1 0 FSP950105-118 0
1 0 FSP950112-010 1
1 0 FSP950123-009 1
1 0 FSP950129-132 0
1 0 FSP950212-072 0
1 0 FSP950214-031 0
1 0 FSP950226-156 0
1 0 FSP950227-012 1
1 0 FSP950310-097 0
1 0 FSP950331-032 0
1 0 FSP950416-045 0
1 0 FSP950417-038 0
1 0 FSP950417-040 0
1 0 FSP950417-041 0
1 0 FSP950418-046 0
1 0 FSP950501-126 0
1 0 FSP950514-004 1
1 0 FSP950514-023 1
1 0 FSP950514-024 0
1 0 FSP950515-020 1
1 0 FSP950604-035 1
1 0 FSP950616-025 0
1 0 FSP950714-028 0
1 0 FSP950715-040 0
1 0 FSP950723-047 0
1 0 FSP950723-153 0
1 0 FSP950723-154 0
1 0 FSP950730-172 0
1 0 FSP950803-009 0
1 0 FSP950804-105 0
1 0 FSP950804-119 0
1 0 FSP950804-120 0
1 0 FSP950804-121 0
1 0 FSP950806-045 0
1 0 FSP950806-048 0
1 0 FSP950809-020 0
1 0 FSP950813-084 0
1 0 FSP950818-052 0
1 0 FSP950819-063 0
1 0 FSP950819-079 0
1 0 FSP950825-031 0
1 0 FSP950825-095 0
1 0 FSP950904-035 1
1 0 FSP950907-014 0
1 0 FSP950910-155 0
1 0 FSP950917-048 0
1 0 FSP950917-161 0
1 0 FSP950923-044 0
1 0 FSP951002-035 0
1 0 FSP951002-135 0
1 0 FSP951008-132 0
1 0 FSP951011-046 0
1 0 FSP951014-056 0
1 0 FSP951024-068 0
1 0 FSP951026-024 1
1 0 FSP951029-186 0
1 0 FSP951115-038 0
1 0 FSP951126-121 0
1 0 FSP951223-041 0
1 0 FSP951231-225 0
2 0 FSP940112-149 0
2 0 FSP940114-095 0
2 0 FSP940117-060 1
2 0 FSP940118-103 1
2 0 FSP940120-095 0
2 0 FSP940120-098 0
2 0 FSP940120-158 0
2 0 FSP940121-056 1
2 0 FSP940121-120 0
2 0 FSP940123-228 0
2 0 FSP940128-138 0
2 0 FSP940130-249 0
2 0 FSP940203-142 1
2 0 FSP940204-201 0
2 0 FSP940206-042 0
2 0 FSP940206-068 0
2 0 FSP940206-112 0
2 0 FSP940209-117 0
2 0 FSP940210-049 0
2 0 FSP940211-188 0
2 0 FSP940212-134 1
2 0 FSP940212-135 0
2 0 FSP940214-128 1
2 0 FSP940218-022 0
2 0 FSP940219-051 0
2 0 FSP940219-091 1
2 0 FSP940219-190 0
2 0 FSP940219-191 0
2 0 FSP940220-065 0
2 0 FSP940220-107 0
2 0 FSP940220-108 0
2 0 FSP940225-170 0
2 0 FSP940304-159 0
2 0 FSP940308-144 0
2 0 FSP940309-103 1
2 0 FSP940309-187 0
2 0 FSP940312-183 0
2 0 FSP940312-200 0
2 0 FSP940314-167 0
2 0 FSP940315-070 0
2 0 FSP940316-173 1
2 0 FSP940317-172 0
2 0 FSP940319-144 0
2 0 FSP940326-144 0
2 0 FSP940327-222 0
2 0 FSP940327-288 0
2 0 FSP940327-296 0
2 0 FSP940329-057 1
2 0 FSP940331-165 1
2 0 FSP940402-123 0
2 0 FSP940404-110 0
2 0 FSP940408-122 0
2 0 FSP940409-071 0
2 0 FSP940410-154 1
2 0 FSP940416-118 0
2 0 FSP940421-111 1
2 0 FSP940421-112 0
2 0 FSP940501-138 0
2 0 FSP940501-140 0
2 0 FSP940501-167 1
2 0 FSP940501-168 1
2 0 FSP940508-146 0
2 0 FSP940509-040 0
2 0 FSP940519-091 0
2 0 FSP940521-091 1
2 0 FSP940522-142 0
2 0 FSP940522-165 1
2 0 FSP940522-171 1
2 0 FSP940522-173 0
2 0 FSP940528-078 0
2 0 FSP940529-114 0
2 0 FSP940529-183 1
2 0 FSP940604-077 0
2 0 FSP940605-177 0
2 0 FSP940610-096 1
2 0 FSP940611-081 0
2 0 FSP940611-082 0
2 0 FSP940612-172 1
2 0 FSP940618-092 0
2 0 FSP940619-170 1
2 0 FSP940619-180 0
2 0 FSP940620-108 0
2 0 FSP940626-174 1
2 0 FSP940628-102 1
2 0 FSP940630-112 0
2 0 FSP940701-125 0
2 0 FSP940702-126 0
2 0 FSP940705-102 0
2 0 FSP940708-093 0
2 0 FSP940711-092 0
2 0 FSP940711-139 0
2 0 FSP940714-118 0
2 0 FSP940721-096 0
2 0 FSP940721-104 0
2 0 FSP940724-131 0
2 0 FSP940728-090 0
2 0 FSP940728-092 0
2 0 FSP940731-157 1
2 0 FSP940804-063 0
2 0 FSP940807-181 0
2 0 FSP940811-093 1
2 0 FSP940811-125 0
2 0 FSP940814-128 1
2 0 FSP940815-082 0
2 0 FSP940821-107 0
2 0 FSP940828-156 1
2 0 FSP940829-084 1
2 0 FSP940830-064 1
2 0 FSP940902-070 1
2 0 FSP940904-135 1
2 0 FSP940907-086 0
2 0 FSP940909-086 1
2 0 FSP940916-082 0
2 0 FSP940919-121 0
2 0 FSP940922-070 0
2 0 FSP940925-177 1
2 0 FSP940930-087 0
2 0 FSP941001-074 0
2 0 FSP941002-108 0
2 0 FSP941002-124 1
2 0 FSP941007-064 0
2 0 FSP941008-071 1
2 0 FSP941009-143 0
2 0 FSP941011-047 1
2 0 FSP941014-077 1
2 0 FSP941015-055 0
2 0 FSP941016-132 0
2 0 FSP941016-151 0
2 0 FSP941016-153 0
2 0 FSP941018-060 0
2 0 FSP941018-090 1
2 0 FSP941019-033 0
2 0 FSP941020-044 0
2 0 FSP941023-117 0
2 0 FSP941024-089 1
2 0 FSP941027-114 1
2 0 FSP941029-091 0
2 0 FSP941029-092 1
2 0 FSP941030-121 0
2 0 FSP941030-147 1
2 0 FSP941103-099 1
2 0 FSP941106-115 0
2 0 FSP941108-142 1
2 0 FSP941113-125 1
2 0 FSP941114-082 1
2 0 FSP941117-037 0
2 0 FSP941118-105 0
2 0 FSP941119-077 0
2 0 FSP941120-146 0
2 0 FSP941120-148 1
2 0 FSP941120-160 0
2 0 FSP941120-183 0
2 0 FSP941124-100 1
2 0 FSP941202-106 0
2 0 FSP941203-106 0
2 0 FSP941204-145 0
2 0 FSP941204-158 1
2 0 FSP941214-070 1
2 0 FSP941218-151 1
2 0 FSP941220-101 0
2 0 FSP941224-087 1
2 0 FSP941225-136 0
2 0 FSP941229-087 0
2 0 FSP950101-067 1
2 0 FSP950103-108 0
2 0 FSP950105-105 0
2 0 FSP950106-125 0
2 0 FSP950107-047 0
2 0 FSP950112-118 0
2 0 FSP950113-099 0
2 0 FSP950114-100 0
2 0 FSP950123-076 1
2 0 FSP950129-090 1
2 0 FSP950129-139 0
2 0 FSP950129-182 0
2 0 FSP950130-017 0
2 0 FSP950130-087 0
2 0 FSP950202-113 0
2 0 FSP950204-113 0
2 0 FSP950204-119 0
2 0 FSP950214-126 0
2 0 FSP950218-116 1
2 0 FSP950219-085 1
2 0 FSP950219-152 0
2 0 FSP950219-154 0
2 0 FSP950219-178 0
2 0 FSP950226-165 1
2 0 FSP950226-166 0
2 0 FSP950226-170 1
2 0 FSP950227-035 0
2 0 FSP950302-093 0
2 0 FSP950305-015 0
2 0 FSP950306-084 0
2 0 FSP950307-039 0
2 0 FSP950309-131 0
2 0 FSP950310-004 0
2 0 FSP950314-119 1
2 0 FSP950317-073 1
2 0 FSP950317-127 1
2 0 FSP950325-036 0
2 0 FSP950325-072 0
2 0 FSP950327-088 0
2 0 FSP950330-005 0
2 0 FSP950402-130 1
2 0 FSP950402-175 0
2 0 FSP950402-215 0
2 0 FSP950403-154 0
2 0 FSP950405-059 0
2 0 FSP950408-057 0
2 0 FSP950408-066 0
2 0 FSP950410-090 1
2 0 FSP950413-119 0
2 0 FSP950416-115 0
2 0 FSP950422-109 1
2 0 FSP950427-130 0
2 0 FSP950427-132 0
2 0 FSP950430-184 0
2 0 FSP950504-106 0
2 0 FSP950511-110 1
2 0 FSP950527-114 1
2 0 FSP950603-078 0
2 0 FSP950603-084 0
2 0 FSP950605-040 0
2 0 FSP950605-094 0
2 0 FSP950608-108 0
2 0 FSP950610-101 0
2 0 FSP950617-092 1
2 0 FSP950618-050 0
2 0 FSP950624-088 0
2 0 FSP950705-009 0
2 0 FSP950706-097 0
2 0 FSP950726-129 0
2 0 FSP950801-099 0
2 0 FSP950803-099 1
2 0 FSP950805-107 0
2 0 FSP950806-200 0
2 0 FSP950808-119 0
2 0 FSP950820-112 0
2 0 FSP950820-168 0
2 0 FSP950902-103 0
2 0 FSP950907-105 0
2 0 FSP950911-081 0
2 0 FSP951001-048 0
2 0 FSP951001-173 0
2 0 FSP951007-108 1
2 0 FSP951009-002 1
2 0 FSP951013-043 0
2 0 FSP951018-188 1
2 0 FSP951022-138 0
2 0 FSP951029-151 0
2 0 FSP951103-009 0
2 0 FSP951105-102 0
2 0 FSP951110-133 0
2 0 FSP951112-184 1
2 0 FSP951116-096 0
2 0 FSP951116-097 0
2 0 FSP951116-123 0
2 0 FSP951118-123 0
2 0 FSP951118-124 0
2 0 FSP951118-125 0
2 0 FSP951123-118 0
2 0 FSP951130-209 1
2 0 FSP951203-133 0
2 0 FSP951208-077 0
2 0 FSP951214-135 1
2 0 FSP951223-093 1
2 0 FSP951229-115 0
2 0 FSP951231-219 0
2 0 FSP951231-243 1
3 0 FSP940102-052 0
3 0 FSP940104-072 1
3 0 FSP940107-142 0
3 0 FSP940125-073 0
3 0 FSP940128-095 0
3 0 FSP940208-089 0
3 0 FSP940223-023 0
3 0 FSP940303-064 0
3 0 FSP940314-131 0
3 0 FSP940403-062 0
3 0 FSP940404-068 0
3 0 FSP940412-053 0
3 0 FSP940416-073 0
3 0 FSP940422-013 0
3 0 FSP940422-038 0
3 0 FSP940427-047 0
3 0 FSP940504-043 0
3 0 FSP940512-088 0
3 0 FSP940512-089 0
3 0 FSP940613-070 0
3 0 FSP940625-099 0
3 0 FSP940702-069 0
3 0 FSP940704-046 0
3 0 FSP940705-080 0
3 0 FSP940715-054 0
3 0 FSP940731-090 0
3 0 FSP940802-093 0
3 0 FSP940803-082 0
3 0 FSP940820-038 0
3 0 FSP940823-040 0
3 0 FSP940825-041 0
3 0 FSP940901-102 0
3 0 FSP940904-064 1
3 0 FSP940907-074 0
3 0 FSP940908-038 0
3 0 FSP940913-047 0
3 0 FSP940917-074 0
3 0 FSP940918-056 0
3 0 FSP940929-043 0
3 0 FSP941004-147 0
3 0 FSP941007-072 0
3 0 FSP941010-036 0
3 0 FSP941015-048 0
3 0 FSP941016-062 0
3 0 FSP941017-043 0
3 0 FSP941018-057 0
3 0 FSP941021-004 0
3 0 FSP941021-066 0
3 0 FSP941022-053 0
3 0 FSP941028-060 0
3 0 FSP941029-043 0
3 0 FSP941101-049 0
3 0 FSP941104-054 0
3 0 FSP941109-049 0
3 0 FSP941111-094 0
3 0 FSP941115-094 0
3 0 FSP941118-059 0
3 0 FSP941127-086 0
3 0 FSP941202-055 0
3 0 FSP941209-065 0
3 0 FSP941218-045 0
3 0 FSP941219-007 0
3 0 FSP941226-034 0
3 0 FSP950101-038 0
3 0 FSP950111-039 0
3 0 FSP950111-040 0
3 0 FSP950111-063 0
3 0 FSP950116-024 0
3 0 FSP950120-033 0
3 0 FSP950125-077 0
3 0 FSP950126-100 0
3 0 FSP950207-062 0
3 0 FSP950212-082 0
3 0 FSP950212-083 0
3 0 FSP950212-182 0
3 0 FSP950219-072 0
3 0 FSP950226-089 0
3 0 FSP950301-108 0
3 0 FSP950317-068 0
3 0 FSP950317-078 0
3 0 FSP950321-044 0
3 0 FSP950327-111 0
3 0 FSP950328-062 0
3 0 FSP950518-089 0
3 0 FSP950519-048 0
3 0 FSP950525-004 0
3 0 FSP950609-041 0
3 0 FSP950627-048 0
3 0 FSP950627-054 0
3 0 FSP950717-083 0
3 0 FSP950725-046 0
3 0 FSP950730-037 0
3 0 FSP950818-053 0
3 0 FSP950818-056 0
3 0 FSP950907-042 0
3 0 FSP950913-048 0
3 0 FSP950925-032 0
3 0 FSP950926-052 0
3 0 FSP950927-121 0
3 0 FSP950929-120 0
3 0 FSP950930-043 0
3 0 FSP951026-124 0
3 0 FSP951026-128 0
3 0 FSP951108-005 0
3 0 FSP951111-052 0
3 0 FSP951119-052 0
3 0 FSP951120-034 0
3 0 FSP951121-051 0
3 0 FSP951122-094 0
3 0 FSP951123-053 0
3 0 FSP951125-070 0
3 0 FSP951125-071 0
3 0 FSP951204-049 0
3 0 FSP951206-046 0
3 0 FSP951207-135 0
3 0 FSP951211-036 0
3 0 FSP951213-057 0
3 0 FSP951215-064 0
3 0 FSP951216-073 0
3 0 FSP951219-052 0
3 0 FSP951221-047 0
3 0 FSP951221-141 0
3 0 FSP951225-036 0
3 0 FSP951227-036 0
3 0 FSP951231-049 0
3 0 FSP951231-250 0
4 0 FSP940101-109 0
4 0 FSP940101-112 0
4 0 FSP940101-113 0
4 0 FSP940101-115 0
4 0 FSP940104-117 0
4 0 FSP940104-123 0
4 0 FSP940120-150 1
4 0 FSP940120-156 0
4 0 FSP940131-127 0
4 0 FSP940206-165 1
4 0 FSP940210-155 1
4 0 FSP940211-190 1
4 0 FSP940212-137 1
4 0 FSP940216-130 0
4 0 FSP940225-158 0
4 0 FSP940303-153 0
4 0 FSP940305-112 0
4 0 FSP940319-155 0
4 0 FSP940327-225 0
4 0 FSP940409-108 0
4 0 FSP940420-101 0
4 0 FSP940424-170 0
4 0 FSP940429-093 1
4 0 FSP940502-078 1
4 0 FSP940515-155 1
4 0 FSP940606-091 1
4 0 FSP940606-092 0
4 0 FSP940608-070 0
4 0 FSP940609-106 0
4 0 FSP940623-140 1
4 0 FSP940626-167 1
4 0 FSP940707-080 0
4 0 FSP940709-096 1
4 0 FSP940807-200 1
4 0 FSP940809-077 0
4 0 FSP940812-076 1
4 0 FSP940824-077 0
4 0 FSP940905-091 0
4 0 FSP940908-064 0
4 0 FSP940908-072 0
4 0 FSP940910-065 0
4 0 FSP940925-187 1
4 0 FSP941010-066 0
4 0 FSP941019-071 0
4 0 FSP941020-090 0
4 0 FSP941025-095 1
4 0 FSP941031-070 0
4 0 FSP941103-104 0
4 0 FSP941108-127 0
4 0 FSP941116-078 1
4 0 FSP941121-077 0
4 0 FSP941122-084 0
4 0 FSP941206-122 0
4 0 FSP941220-052 0
4 0 FSP941230-113 1
4 0 FSP950115-137 1
4 0 FSP950119-092 0
4 0 FSP950119-108 0
4 0 FSP950121-102 0
4 0 FSP950125-111 0
4 0 FSP950201-108 0
4 0 FSP950201-115 0
4 0 FSP950206-077 0
4 0 FSP950216-128 0
4 0 FSP950219-184 0
4 0 FSP950224-127 0
4 0 FSP950226-180 1
4 0 FSP950301-083 1
4 0 FSP950301-087 0
4 0 FSP950306-089 0
4 0 FSP950308-121 1
4 0 FSP950309-119 0
4 0 FSP950312-142 1
4 0 FSP950321-126 1
4 0 FSP950323-138 0
4 0 FSP950325-109 0
4 0 FSP950329-152 0
4 0 FSP950405-130 0
4 0 FSP950407-109 0
4 0 FSP950407-113 0
4 0 FSP950410-111 0
4 0 FSP950411-050 0
4 0 FSP950506-110 1
4 0 FSP950520-113 0
4 0 FSP950527-124 1
4 0 FSP950602-119 0
4 0 FSP950607-106 0
4 0 FSP950623-109 1
4 0 FSP950623-110 1
4 0 FSP950626-077 0
4 0 FSP950723-161 0
4 0 FSP950723-190 1
4 0 FSP950726-102 1
4 0 FSP950730-174 1
4 0 FSP950804-063 0
4 0 FSP950804-116 0
4 0 FSP950812-123 1
4 0 FSP950820-230 0
4 0 FSP950821-094 0
4 0 FSP950822-108 0
4 0 FSP950827-154 0
4 0 FSP950906-124 0
4 0 FSP950907-102 1
4 0 FSP950912-119 0
4 0 FSP950913-115 0
4 0 FSP950914-107 0
4 0 FSP950922-120 0
4 0 FSP951008-147 0
4 0 FSP951013-103 1
4 0 FSP951017-103 1
4 0 FSP951105-176 1
4 0 FSP951106-103 1
4 0 FSP951112-144 0
4 0 FSP951112-161 0
4 0 FSP951119-076 0
4 0 FSP951212-136 0
4 0 FSP951215-150 0
4 0 FSP951220-112 0
4 0 FSP951223-089 0
4 0 FSP951223-095 0
5 0 FSP940106-167 0
5 0 FSP940116-035 0
5 0 FSP940116-040 0
5 0 FSP940121-119 0
5 0 FSP940121-145 0
5 0 FSP940124-116 0
5 0 FSP940131-130 0
5 0 FSP940205-168 0
5 0 FSP940208-145 0
5 0 FSP940210-140 0
5 0 FSP940212-074 0
5 0 FSP940213-085 1
5 0 FSP940213-119 0
5 0 FSP940216-062 1
5 0 FSP940217-125 0
5 0 FSP940217-126 0
5 0 FSP940217-127 0
5 0 FSP940218-131 0
5 0 FSP940219-143 0
5 0 FSP940220-004 0
5 0 FSP940220-142 0
5 0 FSP940221-100 0
5 0 FSP940222-123 0
5 0 FSP940224-127 0
5 0 FSP940225-155 1
5 0 FSP940226-152 0
5 0 FSP940227-187 0
5 0 FSP940228-133 0
5 0 FSP940228-137 0
5 0 FSP940304-164 1
5 0 FSP940305-136 0
5 0 FSP940313-256 0
5 0 FSP940318-142 0
5 0 FSP940319-166 0
5 0 FSP940321-115 0
5 0 FSP940325-161 0
5 0 FSP940328-152 0
5 0 FSP940328-170 0
5 0 FSP940404-093 0
5 0 FSP940405-095 0
5 0 FSP940407-100 0
5 0 FSP940410-098 0
5 0 FSP940415-007 0
5 0 FSP940424-229 0
5 0 FSP940427-066 0
5 0 FSP940428-065 0
5 0 FSP940510-051 1
5 0 FSP940519-116 0
5 0 FSP940520-076 0
5 0 FSP940529-062 0
5 0 FSP940530-071 0
5 0 FSP940609-099 0
5 0 FSP940610-078 0
5 0 FSP940624-058 0
5 0 FSP940706-115 0
5 0 FSP940717-140 0
5 0 FSP940802-075 0
5 0 FSP940809-044 0
5 0 FSP940822-085 0
5 0 FSP940823-015 0
5 0 FSP940827-049 0
5 0 FSP940827-059 0
5 0 FSP940830-091 0
5 0 FSP940905-087 0
5 0 FSP940922-122 0
5 0 FSP941004-016 0
5 0 FSP941010-034 0
5 0 FSP941013-060 0
5 0 FSP941015-033 0
5 0 FSP941018-057 0
5 0 FSP941019-045 0
5 0 FSP941019-054 0
5 0 FSP941104-060 0
5 0 FSP941105-087 0
5 0 FSP941106-075 0
5 0 FSP941117-089 0
5 0 FSP941118-107 0
5 0 FSP941123-059 0
5 0 FSP941130-050 0
5 0 FSP941201-111 0
5 0 FSP941208-116 0
5 0 FSP941209-062 0
5 0 FSP941210-051 0
5 0 FSP941219-080 0
5 0 FSP941223-061 0
5 0 FSP941225-068 0
5 0 FSP941230-067 0
5 0 FSP950108-040 0
5 0 FSP950120-077 0
5 0 FSP950127-079 0
5 0 FSP950127-126 0
5 0 FSP950128-097 0
5 0 FSP950129-111 0
5 0 FSP950208-081 0
5 0 FSP950213-057 0
5 0 FSP950214-093 0
5 0 FSP950220-106 0
5 0 FSP950306-058 0
5 0 FSP950307-078 0
5 0 FSP950313-066 0
5 0 FSP950314-116 0
5 0 FSP950317-100 0
5 0 FSP950321-103 0
5 0 FSP950321-111 0
5 0 FSP950321-117 0
5 0 FSP950321-136 0
5 0 FSP950322-137 0
5 0 FSP950402-172 0
5 0 FSP950426-068 0
5 0 FSP950426-093 0
5 0 FSP950504-127 0
5 0 FSP950504-129 0
5 0 FSP950507-094 0
5 0 FSP950519-119 0
5 0 FSP950522-068 0
5 0 FSP950522-090 0
5 0 FSP950525-113 0
5 0 FSP950604-067 0
5 0 FSP950605-051 0
5 0 FSP950616-070 0
5 0 FSP950626-083 0
5 0 FSP950629-102 0
5 0 FSP950702-182 0
5 0 FSP950709-047 0
5 0 FSP950719-108 0
5 0 FSP950720-106 0
5 0 FSP950726-118 0
5 0 FSP950727-085 0
5 0 FSP950730-182 0
5 0 FSP950731-064 0
5 0 FSP950731-084 0
5 0 FSP950731-108 0
5 0 FSP950809-075 0
5 0 FSP950809-089 0
5 0 FSP950809-090 0
5 0 FSP950812-121 0
5 0 FSP950814-112 0
5 0 FSP950819-098 0
5 0 FSP950826-031 0
5 0 FSP950827-053 0
5 0 FSP950906-107 0
5 0 FSP950908-021 0
5 0 FSP950908-022 0
5 0 FSP950909-031 0
5 0 FSP950909-117 0
5 0 FSP950910-099 0
5 0 FSP950910-138 0
5 0 FSP950912-053 0
5 0 FSP950918-093 0
5 0 FSP950919-085 0
5 0 FSP950928-055 0
5 0 FSP950929-079 0
5 0 FSP951015-045 0
5 0 FSP951022-124 0
5 0 FSP951027-042 0
5 0 FSP951028-115 0
5 0 FSP951031-039 0
5 0 FSP951112-169 0
5 0 FSP951117-123 0
5 0 FSP951118-128 0
5 0 FSP951118-129 0
5 0 FSP951119-199 0
5 0 FSP951125-117 0
5 0 FSP951205-138 0
5 0 FSP951211-009 0
5 0 FSP951220-123 0
5 0 FSP951221-075 0
5 0 FSP951221-076 0
6 0 FSP940101-112 0
6 0 FSP940110-047 0
6 0 FSP940120-156 0
6 0 FSP940202-146 0
6 0 FSP940216-130 0
6 0 FSP940219-180 0
6 0 FSP940219-202 0
6 0 FSP940221-052 0
6 0 FSP940224-150 0
6 0 FSP940227-273 0
6 0 FSP940303-153 0
6 0 FSP940305-112 0
6 0 FSP940308-078 0
6 0 FSP940318-149 0
6 0 FSP940323-155 0
6 0 FSP940324-158 0
6 0 FSP940408-011 0
6 0 FSP940420-101 0
6 0 FSP940520-049 0
6 0 FSP940528-071 0
6 0 FSP940528-076 0
6 0 FSP940609-106 0
6 0 FSP940623-121 0
6 0 FSP940626-128 0
6 0 FSP940627-110 1
6 0 FSP940629-111 0
6 0 FSP940702-114 0
6 0 FSP940706-102 0
6 0 FSP940706-103 1
6 0 FSP940706-104 1
6 0 FSP940706-105 0
6 0 FSP940706-106 0
6 0 FSP940706-110 0
6 0 FSP940708-099 1
6 0 FSP940710-126 0
6 0 FSP940710-174 0
6 0 FSP940710-185 0
6 0 FSP940712-049 0
6 0 FSP940713-097 0
6 0 FSP940731-096 0
6 0 FSP940807-176 0
6 0 FSP940812-070 1
6 0 FSP940813-023 1
6 0 FSP940824-077 0
6 0 FSP940828-095 0
6 0 FSP940828-174 0
6 0 FSP940910-036 0
6 0 FSP940914-148 0
6 0 FSP940923-071 0
6 0 FSP940925-051 0
6 0 FSP941005-046 0
6 0 FSP941006-035 0
6 0 FSP941030-183 0
6 0 FSP941111-113 0
6 0 FSP941125-089 0
6 0 FSP941206-122 0
6 0 FSP941211-184 0
6 0 FSP941217-080 0
6 0 FSP941218-140 0
6 0 FSP941221-127 0
6 0 FSP941224-080 0
6 0 FSP941228-072 0
6 0 FSP941228-074 1
6 0 FSP941230-109 0
6 0 FSP950109-070 0
6 0 FSP950110-111 0
6 0 FSP950111-087 0
6 0 FSP950112-108 0
6 0 FSP950113-087 0
6 0 FSP950113-091 0
6 0 FSP950113-093 0
6 0 FSP950119-127 0
6 0 FSP950123-034 0
6 0 FSP950126-116 0
6 0 FSP950127-106 0
6 0 FSP950129-117 0
6 0 FSP950131-083 0
6 0 FSP950202-112 0
6 0 FSP950205-161 0
6 0 FSP950208-112 0
6 0 FSP950214-119 0
6 0 FSP950214-135 0
6 0 FSP950215-111 0
6 0 FSP950215-120 1
6 0 FSP950219-083 0
6 0 FSP950228-080 0
6 0 FSP950301-081 0
6 0 FSP950310-111 0
6 0 FSP950311-115 0
6 0 FSP950314-114 1
6 0 FSP950314-115 0
6 0 FSP950314-116 0
6 0 FSP950315-129 0
6 0 FSP950325-104 0
6 0 FSP950325-109 0
6 0 FSP950326-084 0
6 0 FSP950326-164 0
6 0 FSP950326-194 0
6 0 FSP950327-096 0
6 0 FSP950327-101 0
6 0 FSP950329-137 0
6 0 FSP950329-141 0
6 0 FSP950405-127 0
6 0 FSP950407-113 0
6 0 FSP950409-182 1
6 0 FSP950410-111 0
6 0 FSP950416-125 0
6 0 FSP950425-113 1
6 0 FSP950513-115 0
6 0 FSP950515-093 0
6 0 FSP950526-100 0
6 0 FSP950527-120 1
6 0 FSP950528-089 0
6 0 FSP950607-106 0
6 0 FSP950619-086 0
6 0 FSP950620-108 0
6 0 FSP950622-093 0
6 0 FSP950626-077 0
6 0 FSP950626-092 0
6 0 FSP950627-130 0
6 0 FSP950628-063 0
6 0 FSP950628-073 0
6 0 FSP950629-103 0
6 0 FSP950702-038 0
6 0 FSP950702-093 0
6 0 FSP950708-087 0
6 0 FSP950712-046 0
6 0 FSP950712-101 0
6 0 FSP950713-069 0
6 0 FSP950714-093 0
6 0 FSP950714-094 0
6 0 FSP950714-096 0
6 0 FSP950720-106 0
6 0 FSP950723-052 0
6 0 FSP950723-092 0
6 0 FSP950723-120 0
6 0 FSP950803-104 0
6 0 FSP950819-058 0
6 0 FSP950822-108 0
6 0 FSP950825-126 0
6 0 FSP950913-115 0
6 0 FSP950913-123 0
6 0 FSP950916-091 0
6 0 FSP950929-119 0
6 0 FSP951008-091 0
6 0 FSP951015-155 0
6 0 FSP951016-056 0
6 0 FSP951026-128 0
6 0 FSP951027-126 0
6 0 FSP951105-177 0
6 0 FSP951126-100 0
6 0 FSP951130-189 0
6 0 FSP951212-136 0
6 0 FSP951213-105 0
7 0 FSP940101-100 0
7 0 FSP940101-103 0
7 0 FSP940102-016 0
7 0 FSP940102-113 0
7 0 FSP940102-128 0
7 0 FSP940102-195 0
7 0 FSP940103-081 0
7 0 FSP940103-085 0
7 0 FSP940104-103 0
7 0 FSP940104-114 0
7 0 FSP940105-132 0
7 0 FSP940107-152 0
7 0 FSP940110-117 0
7 0 FSP940110-134 0
7 0 FSP940111-166 0
7 0 FSP940116-217 0
7 0 FSP940116-236 0
7 0 FSP940116-238 0
7 0 FSP940116-244 0
7 0 FSP940122-186 0
7 0 FSP940127-153 0
7 0 FSP940127-154 0
7 0 FSP940128-164 0
7 0 FSP940130-133 0
7 0 FSP940204-004 0
7 0 FSP940205-145 0
7 0 FSP940211-153 0
7 0 FSP940213-115 0
7 0 FSP940214-065 0
7 0 FSP940216-099 0
7 0 FSP940217-111 0
7 0 FSP940218-125 0
7 0 FSP940218-126 0
7 0 FSP940220-140 0
7 0 FSP940220-145 0
7 0 FSP940222-128 0
7 0 FSP940228-147 0
7 0 FSP940304-174 0
7 0 FSP940318-124 0
7 0 FSP940320-158 0
7 0 FSP940325-131 0
7 0 FSP940327-160 0
7 0 FSP940327-225 0
7 0 FSP940328-041 0
7 0 FSP940330-133 0
7 0 FSP940401-112 0
7 0 FSP940401-114 0
7 0 FSP940403-089 0
7 0 FSP940404-118 0
7 0 FSP940406-054 0
7 0 FSP940408-097 0
7 0 FSP940408-099 0
7 0 FSP940410-101 0
7 0 FSP940410-105 0
7 0 FSP940410-109 0
7 0 FSP940410-113 0
7 0 FSP940414-106 0
7 0 FSP940416-110 0
7 0 FSP940417-098 0
7 0 FSP940419-063 0
7 0 FSP940419-071 0
7 0 FSP940420-056 0
7 0 FSP940422-067 0
7 0 FSP940423-078 0
7 0 FSP940423-087 0
7 0 FSP940425-013 0
7 0 FSP940429-081 0
7 0 FSP940430-105 0
7 0 FSP940506-074 0
7 0 FSP940506-123 0
7 0 FSP940509-047 0
7 0 FSP940511-056 0
7 0 FSP940514-090 0
7 0 FSP940515-042 0
7 0 FSP940515-061 0
7 0 FSP940515-077 0
7 0 FSP940522-088 0
7 0 FSP940526-066 0
7 0 FSP940527-063 0
7 0 FSP940528-052 0
7 0 FSP940531-055 0
7 0 FSP940605-084 0
7 0 FSP940605-091 0
7 0 FSP940608-067 0
7 0 FSP940610-063 0
7 0 FSP940611-062 0
7 0 FSP940611-066 0
7 0 FSP940612-019 0
7 0 FSP940612-092 0
7 0 FSP940612-109 0
7 0 FSP940613-096 0
7 0 FSP940613-098 0
7 0 FSP940615-074 0
7 0 FSP940615-123 0
7 0 FSP940616-064 0
7 0 FSP940616-066 0
7 0 FSP940616-068 0
7 0 FSP940616-114 0
7 0 FSP940616-119 0
7 0 FSP940617-083 0
7 0 FSP940618-069 0
7 0 FSP940618-083 0
7 0 FSP940618-084 0
7 0 FSP940618-091 0
7 0 FSP940619-087 0
7 0 FSP940619-088 0
7 0 FSP940619-090 0
7 0 FSP940619-100 0
7 0 FSP940620-001 0
7 0 FSP940620-052 0
7 0 FSP940620-057 0
7 0 FSP940620-064 0
7 0 FSP940622-074 0
7 0 FSP940623-084 0
7 0 FSP940624-081 0
7 0 FSP940624-086 0
7 0 FSP940625-072 0
7 0 FSP940625-108 0
7 0 FSP940626-096 1
7 0 FSP940627-013 0
7 0 FSP940627-071 0
7 0 FSP940627-100 0
7 0 FSP940627-102 0
7 0 FSP940627-104 0
7 0 FSP940628-076 0
7 0 FSP940628-084 0
7 0 FSP940628-099 0
7 0 FSP940629-064 0
7 0 FSP940629-077 0
7 0 FSP940629-085 0
7 0 FSP940630-069 0
7 0 FSP940630-082 0
7 0 FSP940630-086 0
7 0 FSP940701-094 0
7 0 FSP940701-109 0
7 0 FSP940701-114 0
7 0 FSP940702-102 0
7 0 FSP940703-066 0
7 0 FSP940703-071 0
7 0 FSP940703-073 0
7 0 FSP940703-078 0
7 0 FSP940703-081 0
7 0 FSP940703-082 0
7 0 FSP940703-091 0
7 0 FSP940704-068 0
7 0 FSP940704-071 0
7 0 FSP940704-081 0
7 0 FSP940704-082 0
7 0 FSP940704-089 0
7 0 FSP940706-092 0
7 0 FSP940706-100 0
7 0 FSP940707-065 0
7 0 FSP940707-067 0
7 0 FSP940707-072 0
7 0 FSP940708-067 0
7 0 FSP940708-068 0
7 0 FSP940708-072 0
7 0 FSP940708-079 0
7 0 FSP940708-080 0
7 0 FSP940708-082 0
7 0 FSP940709-068 0
7 0 FSP940710-001 0
7 0 FSP940710-085 0
7 0 FSP940710-086 0
7 0 FSP940710-097 0
7 0 FSP940711-061 0
7 0 FSP940711-064 0
7 0 FSP940711-065 1
7 0 FSP940711-067 0
7 0 FSP940711-079 0
7 0 FSP940711-081 1
7 0 FSP940712-074 0
7 0 FSP940712-075 0
7 0 FSP940712-076 1
7 0 FSP940712-077 1
7 0 FSP940712-080 0
7 0 FSP940712-083 1
7 0 FSP940712-085 0
7 0 FSP940713-009 0
7 0 FSP940713-069 1
7 0 FSP940713-070 1
7 0 FSP940713-071 1
7 0 FSP940713-075 1
7 0 FSP940713-076 1
7 0 FSP940713-080 0
7 0 FSP940713-091 1
7 0 FSP940714-001 1
7 0 FSP940714-088 1
7 0 FSP940714-094 1
7 0 FSP940714-095 0
7 0 FSP940714-098 0
7 0 FSP940714-101 0
7 0 FSP940714-105 1
7 0 FSP940714-106 1
7 0 FSP940714-107 0
7 0 FSP940715-084 1
7 0 FSP940715-085 1
7 0 FSP940715-086 0
7 0 FSP940715-087 1
7 0 FSP940715-090 1
7 0 FSP940715-091 1
7 0 FSP940715-097 0
7 0 FSP940715-100 0
7 0 FSP940716-079 1
7 0 FSP940716-080 0
7 0 FSP940716-081 0
7 0 FSP940717-076 0
7 0 FSP940717-086 0
7 0 FSP940717-087 1
7 0 FSP940717-093 1
7 0 FSP940717-104 0
7 0 FSP940718-058 0
7 0 FSP940718-063 1
7 0 FSP940718-079 0
7 0 FSP940718-080 0
7 0 FSP940718-083 0
7 0 FSP940719-068 0
7 0 FSP940719-092 0
7 0 FSP940720-073 0
7 0 FSP940721-087 0
7 0 FSP940722-045 0
7 0 FSP940722-076 0
7 0 FSP940723-076 0
7 0 FSP940723-081 0
7 0 FSP940723-083 0
7 0 FSP940724-097 0
7 0 FSP940725-068 0
7 0 FSP940725-073 0
7 0 FSP940725-092 0
7 0 FSP940726-069 0
7 0 FSP940728-080 0
7 0 FSP940731-184 0
7 0 FSP940801-056 0
7 0 FSP940808-055 0
7 0 FSP940808-057 0
7 0 FSP940814-065 0
7 0 FSP940814-100 0
7 0 FSP940818-086 0
7 0 FSP940907-066 0
7 0 FSP940907-067 0
7 0 FSP940911-078 0
7 0 FSP940911-079 0
7 0 FSP940914-069 0
7 0 FSP940921-080 0
7 0 FSP940925-086 0
7 0 FSP940926-030 0
7 0 FSP940926-071 0
7 0 FSP940926-073 0
7 0 FSP941010-058 0
7 0 FSP941013-066 0
7 0 FSP941014-090 0
7 0 FSP941016-101 0
7 0 FSP941020-094 0
7 0 FSP941026-072 0
7 0 FSP941029-076 0
7 0 FSP941029-078 0
7 0 FSP941112-098 0
7 0 FSP941114-071 0
7 0 FSP941120-113 0
7 0 FSP941121-070 0
7 0 FSP941124-117 0
7 0 FSP941127-069 0
7 0 FSP941128-067 0
7 0 FSP941202-084 0
7 0 FSP941205-077 0
7 0 FSP941205-079 0
7 0 FSP941205-081 0
7 0 FSP941205-096 0
7 0 FSP941206-103 0
7 0 FSP941206-104 0
7 0 FSP941208-099 0
7 0 FSP941209-117 0
7 0 FSP941211-068 0
7 0 FSP941217-072 0
7 0 FSP941219-063 0
7 0 FSP941221-016 0
7 0 FSP941225-120 1
7 0 FSP941225-121 0
7 0 FSP950101-116 0
7 0 FSP950101-125 0
7 0 FSP950102-063 0
7 0 FSP950104-081 0
7 0 FSP950105-097 0
7 0 FSP950106-073 0
7 0 FSP950106-105 0
7 0 FSP950106-109 0
7 0 FSP950107-080 0
7 0 FSP950108-092 0
7 0 FSP950108-093 0
7 0 FSP950120-047 0
7 0 FSP950123-074 0
7 0 FSP950210-102 0
7 0 FSP950223-106 0
7 0 FSP950227-067 0
7 0 FSP950228-076 0
7 0 FSP950301-037 0
7 0 FSP950311-095 0
7 0 FSP950319-109 0
7 0 FSP950320-090 0
7 0 FSP950330-094 0
7 0 FSP950405-121 0
7 0 FSP950405-139 0
7 0 FSP950410-083 0
7 0 FSP950417-079 0
7 0 FSP950425-119 0
7 0 FSP950501-072 0
7 0 FSP950501-108 0
7 0 FSP950505-032 0
7 0 FSP950509-108 0
7 0 FSP950510-088 0
7 0 FSP950530-095 0
7 0 FSP950530-096 0
7 0 FSP950530-110 0
7 0 FSP950608-095 0
7 0 FSP950614-114 0
7 0 FSP950614-116 0
7 0 FSP950619-075 0
7 0 FSP950624-073 0
7 0 FSP950625-116 0
7 0 FSP950702-173 0
7 0 FSP950709-107 0
7 0 FSP950709-108 0
7 0 FSP950715-036 0
7 0 FSP950722-089 0
7 0 FSP950723-096 0
7 0 FSP950723-141 0
7 0 FSP950725-102 0
7 0 FSP950726-095 0
7 0 FSP950803-087 0
7 0 FSP950804-095 0
7 0 FSP950807-070 0
7 0 FSP950809-100 0
7 0 FSP950815-103 0
7 0 FSP950822-024 0
7 0 FSP950824-113 0
7 0 FSP950829-099 0
7 0 FSP950908-100 0
7 0 FSP950909-111 0
7 0 FSP950910-114 0
7 0 FSP950910-217 0
7 0 FSP950918-081 0
7 0 FSP950918-084 0
7 0 FSP950920-101 0
7 0 FSP950925-050 0
7 0 FSP950925-073 0
7 0 FSP951002-088 0
7 0 FSP951002-092 0
7 0 FSP951004-134 0
7 0 FSP951012-107 0
7 0 FSP951015-067 0
7 0 FSP951022-093 0
7 0 FSP951030-057 0
7 0 FSP951030-083 0
7 0 FSP951106-093 0
7 0 FSP951107-110 0
7 0 FSP951110-119 0
7 0 FSP951111-115 0
7 0 FSP951119-076 0
7 0 FSP951120-095 0
7 0 FSP951127-093 0
7 0 FSP951130-063 0
7 0 FSP951130-121 0
7 0 FSP951130-174 0
7 0 FSP951202-093 0
7 0 FSP951203-096 0
7 0 FSP951204-070 0
7 0 FSP951204-083 0
7 0 FSP951204-088 0
7 0 FSP951206-118 0
7 0 FSP951208-119 0
7 0 FSP951218-053 0
7 0 FSP951221-060 0
7 0 FSP951222-103 0
7 0 FSP951227-092 0
8 0 FSP940101-002 0
8 0 FSP940101-105 0
8 0 FSP940103-078 0
8 0 FSP940104-107 0
8 0 FSP940108-158 0
8 0 FSP940112-124 0
8 0 FSP940123-149 0
8 0 FSP940130-136 0
8 0 FSP940130-137 0
8 0 FSP940131-112 0
8 0 FSP940131-114 0
8 0 FSP940216-100 0
8 0 FSP940228-143 0
8 0 FSP940307-112 0
8 0 FSP940309-152 0
8 0 FSP940313-157 0
8 0 FSP940403-093 0
8 0 FSP940406-101 0
8 0 FSP940407-083 0
8 0 FSP940407-084 0
8 0 FSP940408-096 0
8 0 FSP940507-104 0
8 0 FSP940602-061 0
8 0 FSP940605-095 0
8 0 FSP940704-079 0
8 0 FSP940704-089 0
8 0 FSP940706-097 0
8 0 FSP940810-077 0
8 0 FSP940817-062 0
8 0 FSP940817-063 0
8 0 FSP940824-067 0
8 0 FSP940831-068 0
8 0 FSP940831-069 0
8 0 FSP940919-073 0
8 0 FSP941005-066 0
8 0 FSP941008-036 0
8 0 FSP941026-072 0
8 0 FSP941026-073 0
8 0 FSP941027-089 0
8 0 FSP941030-104 0
8 0 FSP941115-083 0
8 0 FSP941116-061 0
8 0 FSP941117-091 0
8 0 FSP941123-081 0
8 0 FSP941130-071 0
8 0 FSP941221-097 0
8 0 FSP941228-066 0
8 0 FSP950108-149 0
8 0 FSP950124-092 0
8 0 FSP950125-094 0
8 0 FSP950127-102 0
8 0 FSP950130-074 1
8 0 FSP950130-075 1
8 0 FSP950214-107 0
8 0 FSP950222-093 0
8 0 FSP950305-100 0
8 0 FSP950318-104 0
8 0 FSP950321-116 0
8 0 FSP950421-144 0
8 0 FSP950426-118 0
8 0 FSP950503-089 0
8 0 FSP950510-104 0
8 0 FSP950511-104 0
8 0 FSP950518-078 0
8 0 FSP950524-104 0
8 0 FSP950531-091 0
8 0 FSP950611-106 0
8 0 FSP950705-098 0
8 0 FSP950707-070 0
8 0 FSP950719-093 0
8 0 FSP950820-006 0
8 0 FSP950927-122 0
8 0 FSP950929-112 0
8 0 FSP950930-099 0
8 0 FSP951006-126 0
8 0 FSP951011-104 0
8 0 FSP951023-050 0
8 0 FSP951030-091 0
8 0 FSP951101-116 0
8 0 FSP951105-114 1
8 0 FSP951108-107 0
8 0 FSP951117-120 0
8 0 FSP951121-044 0
8 0 FSP951125-130 0
8 0 FSP951205-008 0
8 0 FSP951219-122 0
8 0 FSP951227-090 0
8 0 FSP951228-106 0
9 0 FSP940101-112 0
9 0 FSP940105-145 0
9 0 FSP940108-167 0
9 0 FSP940121-124 0
9 0 FSP940121-125 0
9 0 FSP940124-055 0
9 0 FSP940128-190 0
9 0 FSP940128-191 0
9 0 FSP940128-193 0
9 0 FSP940131-123 0
9 0 FSP940202-167 0
9 0 FSP940208-159 0
9 0 FSP940212-133 0
9 0 FSP940213-221 0
9 0 FSP940214-095 0
9 0 FSP940214-097 0
9 0 FSP940217-006 0
9 0 FSP940219-179 0
9 0 FSP940222-141 0
9 0 FSP940224-141 0
9 0 FSP940226-177 0
9 0 FSP940227-233 0
9 0 FSP940228-143 0
9 0 FSP940302-166 0
9 0 FSP940303-153 0
9 0 FSP940304-165 0
9 0 FSP940305-167 0
9 0 FSP940305-181 0
9 0 FSP940308-142 0
9 0 FSP940309-179 0
9 0 FSP940311-184 0
9 0 FSP940311-185 0
9 0 FSP940311-186 0
9 0 FSP940311-189 0
9 0 FSP940311-190 0
9 0 FSP940311-191 0
9 0 FSP940311-195 0
9 0 FSP940312-190 0
9 0 FSP940313-254 0
9 0 FSP940313-255 0
9 0 FSP940315-167 0
9 0 FSP940316-093 0
9 0 FSP940316-165 0
9 0 FSP940316-171 0
9 0 FSP940317-178 0
9 0 FSP940319-149 0
9 0 FSP940321-002 0
9 0 FSP940321-102 0
9 0 FSP940321-107 0
9 0 FSP940321-108 0
9 0 FSP940321-109 0
9 0 FSP940321-111 0
9 0 FSP940322-169 0
9 0 FSP940323-141 0
9 0 FSP940323-144 0
9 0 FSP940323-147 0
9 0 FSP940323-150 0
9 0 FSP940323-151 0
9 0 FSP940323-153 0
9 0 FSP940324-009 0
9 0 FSP940327-162 0
9 0 FSP940327-181 0
9 0 FSP940330-147 0
9 0 FSP940408-124 1
9 0 FSP940409-118 0
9 0 FSP940412-108 0
9 0 FSP940412-112 0
9 0 FSP940416-121 0
9 0 FSP940427-083 0
9 0 FSP940505-063 0
9 0 FSP940505-065 0
9 0 FSP940513-049 0
9 0 FSP940517-072 0
9 0 FSP940519-082 0
9 0 FSP940522-183 0
9 0 FSP940524-048 0
9 0 FSP940604-080 0
9 0 FSP940613-083 0
9 0 FSP940613-089 0
9 0 FSP940703-176 0
9 0 FSP940707-092 0
9 0 FSP940715-124 0
9 0 FSP940718-079 0
9 0 FSP940718-080 0
9 0 FSP940720-082 0
9 0 FSP940724-154 0
9 0 FSP940818-076 0
9 0 FSP940819-070 0
9 0 FSP940902-074 0
9 0 FSP940905-091 0
9 0 FSP940905-093 0
9 0 FSP940906-081 0
9 0 FSP941003-068 0
9 0 FSP941006-070 0
9 0 FSP941007-079 0
9 0 FSP941017-005 0
9 0 FSP941105-080 0
9 0 FSP941110-093 0
9 0 FSP941110-103 0
9 0 FSP941112-110 0
9 0 FSP941119-072 0
9 0 FSP941120-086 0
9 0 FSP941122-092 0
9 0 FSP941129-098 0
9 0 FSP941201-100 0
9 0 FSP941211-110 0
9 0 FSP941217-080 0
9 0 FSP941224-080 0
9 0 FSP941225-133 0
9 0 FSP941226-080 0
9 0 FSP941230-109 0
9 0 FSP950103-108 0
9 0 FSP950109-069 0
9 0 FSP950109-070 0
9 0 FSP950115-103 0
9 0 FSP950121-046 0
9 0 FSP950123-034 0
9 0 FSP950123-081 0
9 0 FSP950126-101 0
9 0 FSP950126-116 0
9 0 FSP950129-103 0
9 0 FSP950129-182 0
9 0 FSP950214-135 0
9 0 FSP950215-109 0
9 0 FSP950215-110 0
9 0 FSP950215-118 0
9 0 FSP950215-120 0
9 0 FSP950216-123 0
9 0 FSP950220-094 0
9 0 FSP950226-183 0
9 0 FSP950228-077 0
9 0 FSP950228-080 0
9 0 FSP950303-105 0
9 0 FSP950304-114 0
9 0 FSP950310-111 0
9 0 FSP950311-115 0
9 0 FSP950312-142 0
9 0 FSP950312-179 0
9 0 FSP950314-114 0
9 0 FSP950314-122 0
9 0 FSP950314-124 0
9 0 FSP950316-134 0
9 0 FSP950317-119 0
9 0 FSP950317-120 0
9 0 FSP950317-134 1
9 0 FSP950319-177 0
9 0 FSP950319-178 0
9 0 FSP950319-179 0
9 0 FSP950319-200 0
9 0 FSP950321-132 0
9 0 FSP950322-162 0
9 0 FSP950324-129 0
9 0 FSP950324-130 0
9 0 FSP950324-131 0
9 0 FSP950324-134 0
9 0 FSP950325-105 0
9 0 FSP950325-109 0
9 0 FSP950326-077 0
9 0 FSP950326-084 0
9 0 FSP950326-085 0
9 0 FSP950326-095 0
9 0 FSP950326-109 0
9 0 FSP950326-163 0
9 0 FSP950326-188 0
9 0 FSP950327-091 0
9 0 FSP950327-096 0
9 0 FSP950327-097 0
9 0 FSP950327-098 0
9 0 FSP950327-099 0
9 0 FSP950327-101 0
9 0 FSP950327-102 0
9 0 FSP950327-103 1
9 0 FSP950328-063 0
9 0 FSP950328-145 0
9 0 FSP950329-085 0
9 0 FSP950329-137 0
9 0 FSP950329-138 0
9 0 FSP950329-141 0
9 0 FSP950329-142 0
9 0 FSP950330-105 0
9 0 FSP950401-110 0
9 0 FSP950402-203 0
9 0 FSP950407-113 0
9 0 FSP950407-117 0
9 0 FSP950410-090 1
9 0 FSP950410-099 0
9 0 FSP950410-111 0
9 0 FSP950421-131 0
9 0 FSP950425-113 0
9 0 FSP950428-122 0
9 0 FSP950429-098 0
9 0 FSP950430-172 0
9 0 FSP950505-103 0
9 0 FSP950508-108 0
9 0 FSP950513-117 0
9 0 FSP950515-082 0
9 0 FSP950523-109 0
9 0 FSP950526-104 0
9 0 FSP950607-109 0
9 0 FSP950607-111 0
9 0 FSP950611-204 0
9 0 FSP950613-114 0
9 0 FSP950614-124 0
9 0 FSP950616-073 0
9 0 FSP950618-183 0
9 0 FSP950702-147 0
9 0 FSP950723-196 0
9 0 FSP950727-092 0
9 0 FSP950807-036 0
9 0 FSP950808-109 0
9 0 FSP950811-129 0
9 0 FSP950814-010 0
9 0 FSP950815-104 0
9 0 FSP950822-108 0
9 0 FSP950827-112 0
9 0 FSP950829-104 0
9 0 FSP950829-123 0
9 0 FSP950902-102 0
9 0 FSP950905-098 0
9 0 FSP950912-113 0
9 0 FSP950913-122 0
9 0 FSP950916-099 0
9 0 FSP950929-119 0
9 0 FSP950929-120 0
9 0 FSP950930-106 0
9 0 FSP951008-211 0
9 0 FSP951011-026 0
9 0 FSP951015-181 0
9 0 FSP951018-158 0
9 0 FSP951018-175 0
9 0 FSP951018-189 0
9 0 FSP951021-115 0
9 0 FSP951027-114 0
9 0 FSP951029-201 0
9 0 FSP951124-134 0
9 0 FSP951130-151 0
9 0 FSP951208-124 0
9 0 FSP951209-099 0
9 0 FSP951219-128 0
9 0 FSP951219-129 0
9 0 FSP951222-137 0
9 0 FSP951229-140 0
10 0 FSP940105-077 0
10 0 FSP940107-016 0
10 0 FSP940107-092 0
10 0 FSP940107-155 0
10 0 FSP940110-014 0
10 0 FSP940113-078 0
10 0 FSP940115-140 0
10 0 FSP940116-091 0
10 0 FSP940121-060 0
10 0 FSP940127-047 0
10 0 FSP940215-083 0
10 0 FSP940306-090 0
10 0 FSP940307-065 0
10 0 FSP940308-071 0
10 0 FSP940308-074 0
10 0 FSP940309-101 0
10 0 FSP940310-096 0
10 0 FSP940313-087 0
10 0 FSP940313-088 0
10 0 FSP940315-074 0
10 0 FSP940316-077 0
10 0 FSP940319-004 0
10 0 FSP940319-080 0
10 0 FSP940324-166 0
10 0 FSP940410-075 0
10 0 FSP940420-045 1
10 0 FSP940423-042 0
10 0 FSP940423-047 1
10 0 FSP940423-048 1
10 0 FSP940423-052 0
10 0 FSP940423-053 1
10 0 FSP940423-054 0
10 0 FSP940424-038 1
10 0 FSP940424-039 1
10 0 FSP940424-040 0
10 0 FSP940424-041 1
10 0 FSP940426-003 1
10 0 FSP940427-037 1
10 0 FSP940427-056 1
10 0 FSP940428-044 1
10 0 FSP940428-051 1
10 0 FSP940428-086 1
10 0 FSP940429-059 1
10 0 FSP940501-045 0
10 0 FSP940506-049 0
10 0 FSP940508-049 1
10 0 FSP940508-050 1
10 0 FSP940509-010 0
10 0 FSP940515-046 1
10 0 FSP940525-082 1
10 0 FSP940619-067 0
10 0 FSP940623-103 0
10 0 FSP940706-067 0
10 0 FSP940710-067 1
10 0 FSP940717-065 0
10 0 FSP940717-066 0
10 0 FSP940808-031 0
10 0 FSP940810-103 1
10 0 FSP940828-063 0
10 0 FSP940914-155 1
10 0 FSP941002-083 0
10 0 FSP941003-068 1
10 0 FSP941003-103 0
10 0 FSP941004-079 0
10 0 FSP941004-112 0
10 0 FSP941006-008 0
10 0 FSP941030-112 0
10 0 FSP941106-076 0
10 0 FSP941106-111 0
10 0 FSP941111-004 0
10 0 FSP941111-095 0
10 0 FSP941113-094 0
10 0 FSP941120-112 0
10 0 FSP941205-112 0
10 0 FSP950105-047 0
10 0 FSP950106-119 0
10 0 FSP950112-050 0
10 0 FSP950112-055 0
10 0 FSP950115-095 0
10 0 FSP950122-037 0
10 0 FSP950123-048 0
10 0 FSP950202-030 0
10 0 FSP950204-091 0
10 0 FSP950205-148 0
10 0 FSP950207-080 0
10 0 FSP950209-101 0
10 0 FSP950215-129 0
10 0 FSP950221-071 0
10 0 FSP950223-122 0
10 0 FSP950321-041 0
10 0 FSP950326-039 0
10 0 FSP950403-156 0
10 0 FSP950407-025 0
10 0 FSP950412-051 1
10 0 FSP950412-053 1
10 0 FSP950522-033 0
10 0 FSP950525-110 0
10 0 FSP950625-047 0
10 0 FSP950626-032 0
10 0 FSP950628-047 0
10 0 FSP950707-035 0
10 0 FSP950716-148 0
10 0 FSP950824-057 0
10 0 FSP950824-059 0
10 0 FSP950910-145 0
10 0 FSP950920-005 0
10 0 FSP950923-047 0
10 0 FSP950927-049 0
10 0 FSP951019-128 0
10 0 FSP951105-129 0
10 0 FSP951115-108 0
10 0 FSP951123-124 0
10 0 FSP951125-137 1
10 0 FSP951216-119 0
10 0 FSP951217-038 1
10 0 FSP951217-184 0
10 0 FSP951218-083 0
10 0 FSP951221-046 0
10 0 FSP951229-113 0
10 0 FSP951231-050 0
